1.4812
0.9513
0.8200
0.7486
0.6740
0.6318
0.6031
0.5552
0.5262
0.5022
0.4691
0.4952
0.4381
0.4503
0.4945
0.4345
0.4229
0.3393
0.2869
0.2789
0.7425
0.5754
0.5349
0.3892
0.3835
0.3476
0.2889
0.2066
0.1665
0.1686
0.1648
0.1580
0.1342
0.1436
0.1996
0.1600
0.1045
0.0841
0.0852
0.0983
0.0989
0.2748
0.0843
0.0555
0.1978
0.0908
0.0715
0.0586
0.1259
0.0815
0.0867
0.1870
0.0631
0.0402
0.0242
0.0752
0.0626
0.0728
0.0685
0.0589
0.0984
0.0563
0.0385
0.1154
0.0520
0.0368
0.0470
0.0518
0.0665
0.0485
0.0563
0.0532
0.1001
0.0437
0.0455
0.0478
0.0842
0.1996
0.2862
0.0934
0.0339
0.0550
0.1048
0.6653
0.4593
0.3344
0.1278
0.0711
0.3363
0.0986
0.5901
0.3132
0.1285
0.0641
0.0648
0.0364
0.0282
0.0976
0.1318
0.0589
0.6040
0.2314
0.2178
0.5279
0.1557
0.3711
0.1174
0.0660
0.0355
0.0405
0.0359
0.3659
0.4153
0.0571
0.0339
0.0529
0.4278
7.8974
0.8658
0.5924
0.5150
0.4644
0.3368
0.2897
0.2095
0.1660
0.1319
0.0952